48 c7 c7 40 69 64 55 48
c7 c6 49 69 64 55 c3 00
00 00 00 00 00 00 00 00
00 00 00 00 00 00 00 00
00 00 00 00 00 00 00 00
00 00 00 00 00 00 00 00
00 00 00 00 00 00 00 00
00 00 00 00 00 00 00 00
00 00 00 00 00 00 00 00
00 00 00 00 00 00 00 00
00 00 00 00 00 00 00 00
00 00 00 00 00 00 00 00
00 00 00 00 00 00 00 00
00 00 00 00 00 00 00 00
00 00 00 00 00 00 00 00
B8 68 64 55 00 00 00 00
b0 18 40 00 00 00 00 00
37 64 32 35 36 32 39 65 00
9C 00 00 00
9D 00 00 00
64 00 00 00
6B 00 00 00
6B 00 00 00
64 00 00 00
9D 00 00 00
9C 00 00 00