00 00 00 00 00 00 00 00 00 00 00 00 00 00 00 00 00 00 00 00 00 00 00 00 00 00 00 00 00 00 00 00 00 00 00 00 00 00 00 00 00 00 00 00 00 00 00 00 00 00 00 00 00 00
00 00 00 00 00 00 00 00 00 00 00 00 00 00 00 00 00 00 00 00 00 00 00 00 00 00 00 00 00 00 00 00 00 00 00 00 00 00 00 00 00 00 00 00 00 00 00 00 00 00 00 00 00 00
00 00 00 00 00 00 00 00 00 00 00 00
DA 19 40 00 00 00 00 00
9e 62 25 7d 00 00 00 00
15 1A 40 00 00 00 00 00
28 1A 40 00 00 00 00 00
D4 19 40 00 00 00 00 00
a7 58 49 1f 00 00 00 00
64 1A 40 00 00 00 00 00
36 1A 40 00 00 00 00 00
9A 1A 40 00 00 00 00 00
a4 16 40 00 00 00 00 00